100084092914
100085828614
100092292804
10020200164
10020200173
10020600132
100471366804
100471372444
100471372694
100471372954
100471385834
100515975584
100539528834
100540238864
100844478674
100875943504
100875943664
100878417144
100878475244
100889818974
100889870154
100892161434
100892655784
100893585494
100920786414
100920969724
100921829514
100951823744
100951823764
100951823784
100951823804
100951950504
100952034554
100952034574
100952035924
100952036014
100952036124
100952054914
100952054934
100952054954
100952054974
100952054994
100952055014
100952055034
100952055054
100952055074
100952065884
100952065904
100952065924
100952065944
100952065964
100952065984
100952066004
100952066024
100952066044
100952068664
100952068924
100952069714
100952069854
100952086864
100952086914
100952101474
100952101494
100952102924
100952102944
101010118414
101010119194
101010124054
101010125294
101026560594
101027745394
101027955114
101243338574
101243358044
101243373224
101243375684
101243409324
101243437824
101243445984
101243450864
101243453034
101243458724
101243477614
101243488164
101243493074
101243502564
101393529754
101393639104
101393781934
101394275664
101394336954
101394430114
101394478834
101394551754
101394651444
101394712974
101394794164
101409443394
101409606474
101409792654
101409934204
101410067534
101410333034
101410466324
101410657244
101410910874
101411129444
101411292464
101411426354
101411504004
101482104074
102101606734
102135133094
102290949664
102291150574
102775793474
103284180704
103477057084
103484508924
103484539154
103484576794
103484684014
103484809974
103484974554
104033031224
104034785364
104035104964
104035157974
104035201104
104035266194
104035561734
104035685154
104035893094
104035951034
104036028444
104036062584
104036115604
104036186964
104036426634
104036509514
104036529544
104036683574
104036801874
104037068814
104039487694
104040128394
104040749714
104042100484
104042206874
104498966804
104501543794
104669033894
10538512142
10538532772
10538668372
106889822584
106890962354
10746793332
10746797582
107492954514
107493835144
107494214344
107496255214
107497248164
107499189074
107502484314
107502636674
107513043114
107515436824
107517190554
107639061504
107639068314
107641133014
107641133134
107641454674
107641454744
107813416094
108112700704
108112997314
108113079124
108113669204
108113767384
108113798544
108114710104
108116690734
108117037674
108117629744
108118159504
108119223664
108119440284
108119973044
108120668794
108120889204
108121599894
108122079074
108122841904
108123833704
108123983344
108124400564
108124778204
108124987304
108124987404
108125022504
108125035504
108125653254
108125776934
108125777234
108126370354
108183144294
108206229964
108206513124
108206513234
108206513324
108206534824
108206534884
108206534994
108206585704
108206586254
108206586554
108337105864
108338348644
108339931834
108340831194
108340930894
108340938564
108341149684
108341391844
108341419294
108341718244
108341799414
108341881364
108342048474
108342119444
108342121574
108342121834
108342122334
108342212614
108342228334
108342299174
108342402714
108342486704
108342547534
108342954094
108342987384
108342987594
108343184334
108343401374
108343505274
108343773994
108343871994
108343872224
108344032984
108344123544
108344190814
108344384004
108344384544
108344545264
108344636724
108344725924
108344902734
108345001044
108345056914
108345202574
108345202854
108345210564
108345235174
108345254114
108345269734
108345749104
108345749464
108345749774
108346151894
108346212864
108346212954
108346541564
108346541974
108346585784
108346590004
108346593574
108346600714
108346605314
108346726374
108346902384
108347169974
108347339234
108347855194
108348623564
108348841974
108348931254
108349614044
108349707804
108349746054
108349770664
108349787774
108349837154
108349958734
108350620544
108351042194
108351058414
108351393804
108351394504
108351503064
108351504404
108352648984
108352783814
108353394204
108353492754
108354050204
108354219324
108354256794
108354846564
108355550034
108355695994
108355719114
108355809084
108357963224
108357966824
108357969414
108359465144
108359849824
108359909254
108360055694
108360055924
108360056214
108360158054
108360288624
108360288854
108360288934
108360376764
108361078834
108361715154
108362565014
108362736154
108363092634
108363147864
108363421924
108363462904
108363735434
108363989764
108364247084
108364635674
108478492434
108499412624
108499414024
108499415484
108534700984
108535271924
108535277914
108535282944
108536491334
108630524944
108630525024
108630525124
108630525164
108630571904
108630572154
108630572344
108630572424
108630574874
108630574984
108630575254
108630575294
108639236354
108639236674
108639236714
108640898144
108701827734
109125257484
109125257694
109125502804
109125503964
109125530364
109125530684
109125565214
109125567824
109125629504
109125629714
109125629814
109125649244
109125668484
109125689524
109198909744
109199403394
109205795734
109205849634
109205897944
109206120514
109206714494
109206766394
109206768864
109207048024
109207051694
109207152024
109207211364
109207268344
109207268424
109207397184
109207397414
109687934544
109859143974
110014393174
110014400704
110015348144
110015353374
110015356374
110154527424
110157093524
110381587524
110381620554
110381643694
110381662544
111047622274
111480023474
111833620124
111878478294
112078197294
112078305554
112079910974
112080607154
112081944554
112083787344
112086053224
112087410784
112087901954
112088477334
112089211084
112092681564
112092709264
112093319104
112093906534
112094056554
112099470154
112102199044
112102235894
112103490404
112103531044
112104614574
112104717254
112105002394
112105080154
112105537324
112106176344
112106238324
112106257034
112106264924
112106283894
112106300534
112106323264
112107727284
112107937334
112108316944
112112791534
112113145674
112113232364
112129175424
112129878914
112129938174
112130739374
112131355684
112131520744
112131632704
112132174354
112133590674
112134135954
112135387204
112212813424
11233274102
11234026942
11234179762
11234191292
11234193192
11234261632
11234264342
11234267442
112582717324
112674918304
112676790204
112678134924
112678381784
112678840994
112679136714
112679712124
11313949902
113829708664
113829906814
113830047104
113830428764
113830631864
113830964264
113831304624
113831622534
113831630344
114644736944
114646109774
114746413924
114746446414
114746493574
114746519304
114746540354
114747488394
114922454164
114986108524
114986737174
115657832124
115657852254
115657884544
115657886674
115657894504
115657900464
115657912774
115657915034
115657921914
115657933914
115657940384
115657945134
115657962774
115657964744
115657966304
115657968304
115657989644
115657999344
115658006214
115658013724
115658026514
115658029664
115658032054
115658038904
115658040284
115658042204
115658043394
115658046994
115658047834
115658053954
115658065814
115658066654
115658072784
115658081304
115658081974
115658082734
115658083784
115658085784
115658092614
115658807924
115658808224
115658808684
115658810594
115658819394
115658819934
115658822004
115658823064
115658826154
115658827294
115658827914
115658828494
115658834384
115658835484
115658836564
115658843914
115658844494
115658845024
115658845374
115658845734
115658846244
115658847254
115658852944
115658854094
115658854434
115658858064
115658861704
115658862074
115658862584
115658868804
115658869124
115658875334
115658879374
115658892394
115658896454
115658896984
115658907654
115658910144
115658915974
115658922524
115658927954
115658929464
115658930744
115658936614
115658937934
115658938854
115658939864
115658940734
115658948454
115659156474
115659157684
115659167444
115659169114
115659170244
115659171634
115659172834
115659173974
115659175004
115659178244
115659180674
115659183234
115659185124
115659186194
115659187294
115659198884
115659211324
115659252534
115659258844
115659264844
115659275164
115659285844
115659291964
115659298144
115659304104
115659310314
115659316414
115659327894
115659334404
115659344954
115659352114
115659363214
115659370254
115659381514
115659390894
115659393884
115659395794
115659396874
115659400754
115659401514
115659402384
115659408514
115659415434
115659440834
115659457734
115659459564
115659466104
115659473574
115659483304
115659490424
115659497004
115659503464
115659522524
115659532184
115659542024
115659548694
115659555644
115659567664
115659574024
115659580404
115659586654
115659593634
115659600504
115659618764
115659625534
115659635724
115659643914
115659650334
115659657464
115659668874
115659675394
115659692334
115659699714
115659705944
115659716024
115659718424
115659724924
115659730974
115661030294
115661037164
115661049134
115661056364
115661063034
115661069774
115661076694
115661080274
115661081374
115661088284
115661089524
115661093374
115661095004
115661098234
115661103084
115661106094
115661109564
115661114834
115661119024
115661120114
115661123254
115661130124
115661137384
115661139874
115661141204
115661142684
115663281584
115786238394
115788125424
115788212034
115789572124
115789575234
115790166954
115790340134
116868826494
116939664854
116939668994
116939670144
116939671544
116939672514
116939673524
117070990034
117074654304
117074854554
117077814344
117087956014
117089130884
117089292594
117111990944
117112057584
117122526394
117217753494
117217756954
117217853874
117217870494
117217874084
117217875594
117217878304
117217897604
117217901264
117217901904
117217902504
117217903554
117217904334
11745216122
117626330484
117626575404
117627416904
117628384034
117666536364
117832056244
117832066364
117832067554
117832068024
117832074454
117832079314
117832081124
117832084374
117832089454
117832094334
117832096244
117832098524
117832105404
117832106884
117832108174
117838225514
117839782154
118019369104
118020579224
118020893524
118022817774
118174135414
118174240684
118174576284
118175957804
118176237914
118176773414
118176788854
118177448304
118178031384
118178458054
118324824084
118324852284
118324915314
118325036974
118325230924
118325433994
118325669724
118326078744
118326787534
118327642934
118328486104
118329228564
118329337034
118329479604
118329493154
118329692524
118329919424
118330084434
11839513012
118503327024
118582597354
118582597734
118582598414
118582599044
118582599354
118582599964
118582600354
118582600824
118582605464
118582605814
118582610644
118582628294
118582630414
118582630834
118582631184
118582633304
118582634614
118582634964
118582635324
118582635734
118582640834
118582643334
118582643724
118582651664
118582653344
118582653714
118582654034
118582655814
118582656234
118582656584
118582656984
118582658314
118587858694
118594167224
118603625384
118603724994
118605935364
118605975314
118606002484
118606019004
118606446794
118606455994
118606804984
118606905124
118607096604
118607174384
118607206574
118607207954
118607221774
118607231484
118607273934
118607284694
118607318574
118607338704
118607359644
118607380684
118607390324
118607401674
118607409724
118607418414
118607424944
118607427864
118607450664
118607476164
118607492904
118607494154
118607543764
118607550194
118607555894
118607562024
118607575304
118607584774
118607585614
118607594664
118607595144
118607597494
118607605854
118607612774
118607623654
118607629804
118607637524
118607646304
118607647294
118607652314
118607652944
118607661744
118607667904
118607668814
118607674714
118607680564
118607681354
118607697434
118607758664
118607765764
118607776334
118607782304
118607793794
118607851464
118607857744
118607860484
118607865904
118607867504
118607868624
118607889564
118607902064
118607914654
118607920834
118607933694
118607940354
118607948924
118607949914
118607950894
118607956454
118607957454
118607963704
118607969464
118607994174
118607994924
118607995504
118608017284
118608018484
118608025084
118608071424
118608078804
118608090234
118608101224
118608107264
118608108114
118608109664
118608110144
118608110854
118608111384
118608112314
118608156694
118608183174
118608194564
118608247594
118608253234
118608253834
118608254704
118608266874
118608272274
118608288754
118608300374
118608301214
118608303784
118608311134
118608316304
118608325864
118608327524
118608331144
118608334024
118608376984
118608382594
118608387014
118608472724
118608919494
118608925164
118608941024
118608955804
118608972094
118608983064
118608989554
118609020904
118609022494
118609028294
118609035694
118609045224
118609053944
118609066574
118609072624
118624089794
118624090054
118624090294
118624090624
118624090904
118624091224
118624091594
118624092214
118624092454
118624093384
118624093624
118624094774
118624095274
118624097284
118624097574
118624097804
118624098784
118624099044
118624099274
118624099524
118624100004
118624104724
118624105034
118624106604
118624107294
118624108154
118624116364
118624116624
118624116874
118624117464
118624119244
118624119534
118624120664
118624121194
118624121464
118624121704
118624121954
118624122454
118624122824
118624123144
118624123914
118624124154
118624124434
118624124704
118624124944
118624125954
118624126224
118624127404
118624128054
118624128724
118624129094
118624129384
118624129674
118624129984
118651805764
118651819604
118651820724
118651831744
118651832984
118651839294
118651848414
118651857884
118651863614
118651870154
118651871104
118651872904
118651878654
118651880754
118651881604
118651882454
118651886354
118651888264
118651890544
118651896834
118651903194
118651914274
119318656364
119318757164
119323799484
119324230934
119324266694
119344027594
119354010114
119354014244
119354108454
119354142694
119354263814
119354942324
119354966914
119354971954
119357205874
119401184064
119458443034
119462418274
119462419124
119462420064
119462421474
119462422464
119462423264
119477814824
119477818334
119477819374
119477820274
119477821074
119477821844
119477822594
119477823404
119477824044
119477825414
119477827184
119477828064
119477829084
119477829694
119477835824
119477863754
119477893884
119477924664
119477947454
119477949084
119477977654
119478000984
119478002814
119478005304
119588391164
119588411784
119588780074
119685570334
120000245404
120000327324
120078410094
120078432454
120078487134
120078546184
120078589654
120078595084
120115378804
120115649324
120116122574
120372228164
120372309124
120553814254
120553825084
120591387564
120703060864
120703175544
121080328674
121080518654
121157856234
121291754284
121292050474
121292078964
121296447574
121296640924
121394077134
121446131664
121446139254
121446142204
121627285114
121803974154
121825835384
121825836484
121825836714
121870321784
122064281534
122252052004
122252053544
122454685104
122454705744
122454713144
122465310154
122465314534
122465316754
122551326874
122551632094
122558268704
122634659784
122976545544
122977348224
122977516864
122977597314
123064043134
123064094944
123064104364
123064108844
123064129424
123064133844
123064139054
123064149864
123064167254
123064172014
123064176444
123064186984
123064211444
123064220044
123232934304
123647008014
123648696484
124441183624
124441185334
124441194424
124441195084
124441208354
124441211414
124441213294
124441221424
124441234624
124537465554
124537477384
124537480724
124537532994
124537537974
124537574034
124537585034
124537598544
124537605004
124596116204
124596155674
124596177134
124596210954
124596240254
124596265564
124596279084
124596288594
124799288054
124815584874
124829496524
124829525294
124829527444
124829560584
124829567404
124829572314
124829574714
124829575884
124829577014
124829580314
124829581954
124829582894
124829583794
124972791714
125071654754
125424691574
125424695484
125463253294
125463717974
125463967944
125464256834
125464376644
125464429414
125464510384
125464648334
125464885634
125465090904
125465350704
125470019834
125477455444
125773432124
125773458224
12586992702
126092822604
126555081944
126555089044
126555091804
126555092594
126555094524
126555095964
126555097844
126555098744
126555101004
126555102734
126628726434
127162813464
127663211974
127670550144
127670673724
127882456764
128634286424
128634768094
128634818304
128634906924
129126564464
12984797952
129853488244
129864053474
129864852274
129866447524
129867004784
129867142524
130134775134
130134846424
130219927414
130219935074
130219935344
130219935574
130219935754
130219935934
130220665884
130220668134
130223929434
130223930014
130224827084
130224827324
130224865704
130225307794
130225308314
130235905784
130236519984
130237147154
130237147414
130237250694
130237250874
130237545814
130237659544
130733068484
130857156144
130859588044
130859601524
130859603744
130859606114
130862288574
130904083024
130904902194
130906363504
130907160714
130907169084
130909656764
130910165974
130910168304
130910173704
130913005394
130913006154
130914519554
130914519934
130914523514
130914523854
130914528864
130914529124
130914533284
130914533684
130914540064
130914540614
130914546804
130914547204
130914556104
130914556594
130914565664
130914566004
130914571104
130914571284
130929691274
130929694684
130937166904
130937167034
130943540664
130943540794
130943542484
130943542604
130943544294
130943544654
130943546624
130943546754
130943548524
130943548684
130943550454
130943550664
130943552434
130943552574
130943554544
130943554684
130943556454
130943556574
130944684454
130944684744
130944685134
130944703094
130944703144
130944706264
130944706394
130944706434
130944706794
130944706954
130944706984
130944750474
130944752264
130944763744
130944990054
130945013124
130945016864
130945025444
130945027064
130945116214
130956876684
130957154704
130957156094
130957157914
130957898554
130958135184
130958137644
130958144804
130958146074
130958147534
130958153404
130958154604
130958156004
130959405084
130959405324
130959614624
130959615234
130959627064
130959627544
130959638004
130959639534
130959663494
130959663864
130962839744
130962840174
130962840464
130962840624
130962840774
130963134094
130963327594
130963327794
130963327974
130963328244
130963328394
130963334274
130963334624
130963335514
130963335714
130963336204
130963742054
130963742344
130963926934
130963930974
130963976514
130963977094
130964010774
130964010974
130964037544
130964037844
130964057084
130964057434
130964080544
130964080744
130964115564
130964119294
130964167054
130964167714
130964176854
130964177314
131372045844
131372045924
131372045974
131372046014
131372046054
131372046124
131372046164
131372046204
131372046254
131372046314
131372046354
131372046394
131372046444
131372046514
131372046584
131372582274
131372582384
131372582494
131372582754
131372582974
131372583034
131372583114
131372583244
131372583494
131372583614
131372583694
131372583754
131372583844
131372584104
131372584184
131372584244
131372584294
131372584374
131372584454
131372584544
131372584604
131372584644
131372584744
131372584804
131424770024
131497552064
131861431574
131905470894
131905920494
131906008194
131907813654
131913855274
131914178204
131914279114
131914292984
131914317534
131914343624
132368057394
132563323954
132599868894
132599869094
132599869244
132599869354
132599869474
132599869604
133439910154
133439913234
133439919514
133439919624
133439919674
133439919734
133439919794
133439919844
133439919884
133439919934
133439920304
133439920544
133439920604
133439920644
133439920694
133439920734
133439920774
133439920824
133439920924
133439921204
133439921264
133790939854
133793845364
133796471164
133796793244
133796961514
133796970364
133797088854
133797235024
133797462804
133799791704
133801141444
133801236064
133801236164
133846002804
133846276354
133846349294
133846504954
133867958494
133868433964
133868434304
133926115054
133926943764
133927628844
133927628994
133927629174
133929210524
133929287034
133929420014
134111487734
134111538054
134111538194
134111538314
134189729034
134342645344
134582569384
134582694364
134583117424
134583158804
134583205004
134583220174
134583286114
134600235224
134664836024
134664836504
134664836634
134664836794
134664836934
134664837214
134664837474
134664837654
134664838234
134664839084
134664839834
134664840924
134664843974
134664863124
134664865694
134664866764
134664867804
134664882884
134664893174
134664893434
134664893714
134664894054
134664894534
134664894844
134664895174
134664895464
134664895714
134664896104
134664896734
134664901834
134665621804
134665673234
134665732014
134665818784
134666271554
134666948424
134668400664
134668406704
134668407274
134668407934
134668408264
134668408954
134668409254
134668410274
134668410604
134668410894
134668411534
134668414644
134668418214
134668418494
134668419184
134668419574
134668420504
134668421054
134668421434
134668422194
134668422544
134668423184
134668423514
134668425504
134668426014
134668427084
134668430614
134668431344
134668432474
134668433194
134668434134
134668435464
134668437544
134668437844
134668438604
134668439704
134668439944
134668441304
134668441874
134668442194
134668442894
134668443204
134792164764
134792165034
134792165394
134792165584
134792165934
134792166114
134792169164
134792169824
134792170954
134792171284
134792171524
134792171894
134792172894
134792173594
134792173914
134792174214
134792174374
134792174524
134792174584
134792174914
134792175184
134792175584
134792177204
135676367684
135676368524
135676370774
135676371094
135676373264
135676373564
135676374094
135676374624
135676375194
135676375454
135676377884
135676378404
135676379234
135676380054
135676381154
135676381434
135676381714
135676382014
135676382334
135676382604
135676391354
135676394424
135676395004
135676395524
135676406004
135676406584
135676407094
135676407574
135676408094
135676408604
135676409094
135676409634
135676410144
135676413754
135676425724
135676426104
135676427394
135676428324
135676430064
135676430474
135676431624
135676432334
135676435474
135676435824
135676436764
135676437174
135676437614
135676438124
135676439304
135676439784
135676440284
135676440804
135676441804
135676443424
135676443774
135676444164
135676444564
135676444914
135676445814
135676446254
135676446514
135676446994
135676447394
135676448014
135676448614
135676448954
135676449424
135676449854
135676451074
135676461864
135676462214
135676462554
135676463034
135676463474
135676464174
135676466564
135676467094
135676467394
135676467674
135676467904
135676468154
135676468604
135676468944
135676469234
135676469544
135676469804
135676470074
135676470774
135676472954
135676473254
135676473494
135676473974
135676475124
135676489304
135676489604
135676490114
135676490364
135676491034
135676491384
135676505214
135676505474
135676505694
135676507494
135676510704
135676510984
135676511424
135676511674
135676512454
135676512724
135676513354
135676513574
135676513824
135676514094
135676514324
135676514594
135676514874
135676515514
135676515764
135676516004
135676516394
135676516664
135676517164
135676517424
135676517684
135676518154
135676518424
135676518654
135676519134
135676519364
135676520114
135676520734
135676529224
135676529744
135676530204
135676530474
135676530914
135676533514
135676534544
135676534974
135676536384
135676537264
135676537524
135676710274
135676710534
135676724284
135676728974
135676729264
135676729534
135676731604
135676732124
135676732754
135676732964
135676733164
135676733494
135676734154
135676734474
135676734694
135676735234
135676735504
135676737424
135676737664
135676738064
135676739134
135676739364
135676739634
135676739864
135676740134
135676740394
135676740624
135676740854
135676741154
135676741434
135676741734
135676742094
135676742344
135676742584
135676742834
135676743104
135676743354
135676743624
135676743884
135676754094
135676754924
135676755174
135676763364
135676767204
135676767474
135676767834
135676768154
135676768414
135676768684
135676769024
135676769284
135676769544
135676769824
135676770064
135676770434
135676770764
135676770994
135676771884
135676772264
135676772564
135676772804
135676773054
135676773344
135676773584
135676789794
135676790184
135676790464
135676791004
135676791304
135676791534
135676792064
135676798024
135676798684
135676801364
135676801624
135676801874
135676802354
135676802654
135676802984
135676803644
135676804264
135676804504
135676804784
135676805764
135676806034
135676806324
135676806604
135676807084
135676807644
135676807874
135676808104
135676808634
135676808874
135676809874
135676810114
135676810414
135676810684
135676825894
135676826154
135676826594
135676826894
135676827454
135676827794
135676828244
135676828724
135676829374
135676829814
135676831384
135676831944
135676832414
135676833664
135676834114
135676834354
135676834834
135676835424
135676835884
135676836364
135676837184
135676839084
135676839604
135676839854
135676843364
135676843904
135676844184
135676844634
135676844954
135676845324
135676845604
135676845984
135676846204
135676846514
135676846744
135676846964
135676847194
135676847444
135676847694
135676847964
135676848434
135676849154
135676849414
135676849694
135676849974
135676850294
135676850534
135676850784
135676852354
135676862694
135676862964
135676863374
135676863734
135676864254
135676864494
135676865024
135676865284
135676865744
135676881314
135676881554
135676882444
135676882704
135676882974
135676883254
135676883524
135676883804
135676884034
135676884374
135676885024
135676885804
135676886324
135676886644
135676886914
135676887294
135676887744
135676887994
135676888784
135676889444
135676890184
135676890414
135676905554
135676914054
135676920594
135676920894
135676921394
135676921934
135676922154
135676923124
135676929104
135676929414
135676930534
135676942294
135676948614
135676958854
135676960384
135676960604
135676961404
135676961664
135676962114
135676962984
135676963234
135676963524
135676964354
135676965164
135676966594
135676968194
135676972034
135676974874
135676975264
135676975684
135676975974
135676978844
135676990154
135676990594
135676993744
135676994294
135676995014
135676995244
135676995494
135676996134
135676999104
135676999414
135676999654
135677000164
135677000604
135677000854
135677001084
135677001824
135677002064
135677002654
135677002924
135677003244
135891961974
136104683464
136144464784
136144465244
136144466524
136144466854
136214001164
136214095834
136214126354
136214153354
136214523174
136214612134
136214674494
136215692274
136215993724
136216016024
136216084694
136216100414
136332573994
136334022494
136334066744
136342791774
136670128874
136670693804
136675568464
136675763614
136675766854
136675775884
136675787254
136678841664
136680738494
136680738894
136680739264
136680740014
136680741184
136680741474
136766115504
136766124704
136766125874
136766127104
136766128504
136766129794
136766130994
136766132374
136766132964
136766133584
136766134734
136766135794
136766136504
136817101704
136977623504
136995217174
136995217444
136995219124
137136230274
137136231024
137136236784
137136237204
137136238014
137136238564
137136238804
137136239254
137257983654
137665596584
137771268944
137771269954
137771270584
137771271714
137771273564
137771274074
137771274994
137771275484
137771276094
137771276574
137771277504
137771277974
137771278474
137771279454
137771280414
137771281624
137771282574
137771283294
137771284794
137771632264
137771632724
137794347704
137794348754
137794349104
137806391174
137869416274
137873025704
137891058354
137891059254
137891063784
137976141764
137976142044
137976142344
137976142624
137976142924
137976143554
137976143964
137988152274
137988174864
137988190444
137988287504
137992825014
137993069694
137994629624
137994630134
137994635544
137994636284
138000235604
138000244954
138147671654
138149859554
138149860264
138149860774
138149861104
138149861724
138149862364
138149862634
138149862964
138149863194
138149863334
138149864404
138149864974
138149865104
138149865314
138149865684
138149866294
138149866714
138149867494
138149868294
138149868414
138149868864
138149869874
138149870294
138149870504
138149870744
138149872694
138194390454
138204313754
138204374604
138204445094
138204475674
138204480124
138204494344
138204554234
138208278724
138208296874
138208319714
138209273954
138210106624
138210155554
138210223374
138210242454
138210290404
138210355024
138210382884
138210458524
138210515944
138210572204
138210636644
138210685794
138210707764
138210729444
138210758624
138210781634
138210865594
138211283884
138211307254
138211378884
138211405844
138211761854
138211776174
138211803454
138211825514
138211853264
138211884534
138211949314
138327691194
138436119584
138448740704
138640667434
138640671714
138640678954
138640680624
138640683064
138640683924
138640684784
138640685514
138640686794
138640687964
138640688884
138640689254
138640690104
138640690564
138640691024
138640691944
138640692314
138640692954
138640693664
138640694074
138640694464
138640695324
138640695734
138640696154
138640697644
138640698424
138640699204
138640702754
138640719694
138640720114
138640720774
138640721594
138640727554
138640728224
138640734294
138640734934
138640738124
138640738784
138640739214
138640740014
138640740604
138640747804
138640748204
138640756554
138640757174
138640757954
138640758684
138640760214
138640760874
138640761574
138640762204
138640762754
138640763274
138640765134
138640765724
138640771844
138640772554
138640773594
138640774184
138640781184
138640782214
138640783754
138641172654
138641174364
138641174934
138641175934
138641176584
138641177174
138641177494
138641178194
138641178964
138641179754
138641180084
138641180744
138641181444
138641183314
138641183754
138641184144
138641184944
138641185564
138641186374
138641186924
138641187304
138641187694
138641188734
138641189304
138641189964
138641190754
138641191174
138641191614
138641192054
138641192454
138641192844
138641193184
138641193594
138641194054
138641194464
138641194854
138641195254
138641195744
138641196174
138641196514
138641196784
138641197024
138641197344
138641197574
138641197804
138641198074
138641198344
138641198664
138641198954
138641199214
138641199694
138641200434
138641200774
138641201044
138641201314
138641201584
138641201804
138641202284
138641202994
138641203224
138641203454
138641203694
138641203974
138641204214
138641204444
138641204664
138641204894
138641205154
138641205374
138641205714
138641206174
138641206514
138641206764
138641207554
138641207824
138641208364
138641208594
138641208814
138641209584
138641210404
138641210774
138641211054
138641211294
138641235634
138641235964
138641236274
138641236534
138641236984
138641237294
138641237584
138641237934
138641238494
138641238794
138641239074
138641240254
138641240844
138641241204
138641241514
138641241784
138641242064
138641242394
138641242704
138641243004
138641243344
138641243664
138641243994
138641244314
138641244654
138641244974
138641245694
138641246004
138641246414
138641246774
138641247534
138641248354
138641248814
138641249194
138641251714
138641252094
138641252824
138641253444
138641254674
138641254974
138641256304
138641256654
138641256954
138641257244
138641257584
138641258264
138641258644
138641258924
138641259324
138641259704
138641262464
138641263064
138641263334
138641263964
138641264644
138641264934
138641265534
138641265874
138641266184
138641266484
138641266834
138641267104
138641267414
138641267684
138641268814
138641269124
138641269384
138641269734
138641270074
138641270374
138641270774
138641271074
138641271344
138641390664
138641391144
138641391414
138641391684
138641397604
138641398324
138641398654
138641399214
138641399874
138641400924
138641401204
138641401464
138641401774
138641402104
138641402414
138641402664
138641403294
138641403524
138641403774
138641404034
138641404684
138641404944
138641405184
138641405474
138641405814
138641406034
138641406274
138641406554
138641406864
138641407154
138641407404
138641408804
138641409174
138641409714
138641410074
138641410304
138641410574
138641410914
138641411254
138641411644
138641412004
138641412344
138641412584
138641412844
138641413084
138641413384
138641413884
138641414194
138675647124
138675647694
138675647974
138675648484
138716916374
138716918534
138722840394
138722841104
138722842304
138929391524
138929392084
138929392924
138929394004
138929394374
138989022384
139166255304
139166303444
139166316014
139265456474
139265478104
139265478964
139265479234
139265479444
139265479694
139265479924
139265480244
139265480534
139265480714
139265480914
139265481184
139265482204
139265483574
139265484094
139265484574
139265484814
139265486074
139265486444
139266541924
139266712484
139266774284
139266777134
139267285404
139267778054
139267784774
139389756914
139438882304
139438883664
13951347542
139570030124
139570042154
139570042994
139570050764
139570056484
139570057484
139570058834
139570059574
139570060394
139570061194
139570062704
139570063334
139570066934
139571137694
139571138214
139571138504
139571138974
139571139504
139843397714
139843403684
139843409624
139843412744
139843413054
139843414964
139843415764
139843416204
139843417244
139843420154
140097832354
14038685432
140853634664
140853651334
140854783864
140855258144
14167736242
14168675052
14168922612
14169003522
14229116132
14229263892
14437951812
14438143592
14454945072
14463564742
14518964942
14519967152
14521222922
14564767832
14564773042
14565134102
14635077252
14648687032
14687945782
14901214932
15057212872
15059574992
15059640202
15059646812
15059651392
15059653992
15059746032
15059776502
15059783852
15059801582
15059805912
15059817592
15059822062
15673443482
15676627462
15676693992
16788847292
16815320542
16815326512
17016240922
17872436602
18310527422
18669001052
18671273692
18904719462
18904883382
18905130182
18985579782
19009395692
19317714432
19323046752
19324786932
19547408702
19613250282
19693525332
19710877112
19713738392
19742822202
19742839172
19742903512
19743616342
19743644092
19744379462
19744457462
19969929902
20037514582
20078210122
2010101735
20151107812
20463183112
20765348742
20765359412
21337634082
21362719882
21364937362
21364996152
21365633552
21366039142
21367100982
21377623552
21564865792
21564866502
21564872332
21564932022
21564943372
21564978052
21565296472
21741464582
21787074662
21790836842
21791796732
21791798842
21791806942
21791808152
21791829782
21793181492
21795552382
21795557522
21830624442
21830652872
21830800732
21831131562
22069052512
22078816952
22193418692
22193479942
22193497502
22193510932
22193523172
22193531302
22193537152
22193537192
22193537202
22433470842
22442303032
22442304282
22442305582
22442306472
22442614252
22442620832
22442627662
22442637502
22443287012
22765618382
23005398652
23005454832
23019423282
23059698182
24031204562
24031229662
24151135892
24151160752
24151170262
24153099842
24153152932
24153203942
24153216522
24153264062
24153274102
24153535072
24153617582
24153662772
24153685652
24154467712
24154479232
24154517272
24154520342
24154533562
24154542632
24154571362
24154713832
24154730372
24154858212
24154895122
24154903072
24154908132
24157353342
24213858472
242534781
24314369332
24390245542
243957431
243957901
24407469502
24407527792
24407534152
24407598432
24407598622
24407601632
24475939342
24475939382
24518090482
24518600372
24713018512
24714536082
24714556602
24877349202
24885579262
24893070932
24978906702
25250298672
25452015512
25452015762
25452016242
25452016522
25452253952
25453233482
25453233512
25465847292
25465856982
25465857082
25465857312
25465904682
25465904822
25465947282
25465947302
25465947402
25465947422
25465947482
25465953112
25465953162
25465953182
25596789882
25596790152
25597138592
25598888552
25598888652
25598888672
26046027372
26046229322
26050706402
26050732142
26240184192
26243811692
26243814282
26243814782
26243818412
26243819862
26470787042
26470791772
26470793392
26470793932
26697577392
26698176132
27115059552
27115059692
27115059842
27115193632
27221375592
27221383332
27464740162
27637464502
28092276522
28092277682
28092293932
28283166662
28354791222
28567869642
28576707512
28613499942
28613499982
28613500012
28613500042
28613500072
28613500102
28614413532
28614418402
28614440652
28614440752
28614531112
28614897772
28614898032
28614898102
28614898192
28614898252
28614898302
28614898352
28614898412
28614898472
28614898572
28652201902
28656794622
28657246872
28657266152
28683813452
28795571532
29013781062
29013831872
29013912932
29051981662
29051983782
29115210922
29418370932
29418646262
29555766132
29555808352
29555816532
29616413282
29696396802
29696526072
29764880722
29996138752
29996168622
30108510872
30225662602
30345172442
30716399492
31498526552
31555943072
31555946832
31555950652
31555955332
31555960352
31555965462
31555965672
31555966662
31822752832
32068658342
32070243822
32070261012
32070262182
32143771162
32166330142
32655260162
32992375112
32992396882
33329131642
33329132682
33329132752
33329132952
33329133002
33329133052
33329134332
33329135272
33329135352
33329135502
33329135612
33329135702
33329135842
33329135922
33329136042
33329136092
33329136152
33329136242
33343568002
33343572472
33346391972
33346395232
33566273322
33591223282
33594184852
33594429542
33656635572
33656664192
33656742082
33656853432
33911341052
33934902732
34017929182
34124337752
34320510952
34320511162
34320511502
34320511542
34320511562
34320513262
34320513512
34320513602
34643643442
34643687922
34643730682
34643815652
34643959282
34644494272
34644565132
34644736962
34954426942
34958409982
35043838242
35044560612
35044595932
35044629302
35044634892
35044637372
35175998612
35289238442
35290327502
35345871
35346431
35636880132
36446110062
36446110822
36446111052
36642494022
36642862972
36648232922
36649714842
36716482662
37067070002
37067686472
37070714882
37072692142
37276280792
37350248832
37413991582
37414952582
37415137662
37415234572
37415276682
37416437942
37416556282
37433425562
37433495402
37453140422
37453261932
37453278252
37453285702
37453518052
37453556022
37454099622
37454130122
37454371512
37454408682
37454444442
37454462332
37460024012
37465934812
37466680332
37466717112
37466949592
37467004502
37467186052
37467511002
37467619952
37495754442
37496174072
37496669962
37496820342
37496927472
37499536952
37500077782
37573075692
37842113242
37843883032
37843915962
37843919892
37868889862
37869262772
37869310022
37869697022
37909032152
37909405412
37909543732
37909555382
38049785582
38172639442
38173305112
38260073512
38263342682
38263363652
38270304152
38679282652
38913270412
38914179162
38914540932
39713470362
39998722982
40507308302
42593718272
42593737832
42595517352
48556103102
48556112892
48625286612
48625291422
48625818852
48626520502
48631366452
50949366262
51831499942
51831887162
51878486732
51988010922
51988011122
51988108622
51988110832
51988134432
51989644512
51989671012
51989671072
51989671192
51989671322
51989671682
52268305722
52292458892
52292936652
52580411762
52580419152
52580422142
52580458662
52580550412
52580625722
52580643742
52580658722
52580681332
52580692372
52580701242
52580704612
52650487932
52650767152
53027862192
53027987072
53028110412
53028127942
53028157282
53028188662
53142497122
53265785362
53265846422
53265864922
53265903452
53268580782
53307356052
53313342262
53314556542
53314824952
53377075302
53461947722
53513923412
53527785952
53528647362
53656637182
53658086772
53658102482
53658109692
53658112682
53658120552
53658202862
53658249142
53659511002
53659633782
53659662212
53661536412
53661547432
53670343652
53670656512
53670731462
53671003702
53671977662
53672070562
53672561852
53673160092
53673234512
53673965902
53674313682
53674975562
53676937752
53677137362
53677237032
53677242732
53677465902
53680208832
53680368162
53680372202
53684604542
53684707042
53684857382
53684930732
53685071072
53685695722
53685754212
53685789322
53685855892
53685943492
53685971462
53686095392
53689908312
53689928502
53710263752
53710295362
53710449612
53712734252
53712770562
53712782562
53713083682
53718732632
53718733432
53718912252
53718916322
53718917272
53718927222
53719210242
53719464492
53719899292
53720124672
53733519942
53733592442
53733695902
53734791802
53734830442
53734959922
53735078462
53735151182
53735272832
53804230802
53804345032
53804374602
53810071632
53810098902
53810689152
53887791622
53893088272
53893187152
53893257402
53894961512
53898105342
54028814472
54028871132
54028886562
54028896972
54028921782
54028944282
54028954012
54029000252
54029061682
54029094772
54029927332
54047071982
54048818322
54048831972
54048877522
54049104922
54050218492
54050231432
54050718012
54053016022
54059883202
54059963422
54059998342
54060465642
54060489582
54060811442
54060836362
54060846912
54060870052
54060888572
54060899552
54067966452
54068178312
54068414012
54098340802
54098452552
54099476772
54099632812
54100609612
54100876142
54106274282
54106535512
54106746392
54106872202
54106935862
54156047362
54156121662
54166944992
54201285442
54201608732
54201690762
54201709722
54280326432
54281949212
54394200942
54394454102
54443359832
54461108692
54461538772
54506401
54507751
54507971
54508231
54508491
54519211442
54519291532
54519352632
54519432262
54519474752
54519557122
54519614512
54519800652
54519813622
54525219702
54598939232
54627294612
54696602712
54696649932
54696944272
54697010002
54697110302
54697133892
54697346422
54697363652
54697660712
54700124842
54705710702
54705729332
54705747132
54779973842
54782006082
54783114602
54783463172
54783857192
54784640782
54790072362
54791830522
54792179972
54792528912
54792658402
54792885372
54793175432
54793204562
54793229532
54793284942
54793308562
54794448652
54795909582
54828037722
54828240732
54828360302
54828450962
54828932102
54828980582
54829007142
54831903742
54836356432
54873458502
54873614702
54882387392
55003649472
55003784362
55109732382
55121992162
55213462782
55375481022
55375519482
55375541842
55375613302
5538866902
55453369272
55454223122
55459532992
55578345282
55638829072
56276475192
56423915502
56424178782
56424225682
56424557412
56424762122
56424923432
56425535722
56426147172
56466106782
56466242512
56466306902
56466391072
5650185882
56643866202
56651787652
56779189322
56925024462
56955487762
56955494112
56955897562
57139053882
57218804582
57343929542
57343929892
57343930022
57343930122
57343930362
57346332362
57346410652
57346631942
57346663422
57346763032
57346809732
57404672402
5753915642
57572722662
57628285352
57769062632
57834251712
57834437272
57867572472
57993232852
58225085042
58345921162
58347428932
58347481442
58348575942
58348576682
58348588302
58348588742
58348589502
58348590112
58348591062
58348591622
58348614722
58354523462
58358695162
58359384322
58359834582
58359834632
58360073332
58360118672
58360118892
58360118942
58364274512
58364487572
58364781282
58364903112
58364991032
58367204372
58367226642
58367266452
58367319332
58367335552
58367776512
58367794282
58367807942
58368102382
58385085452
58402719802
58407278802
58407356762
58407367182
58407430412
58407434162
58407474642
58407619162
58407878622
58407899392
58407938662
58407944252
58408141682
58408145012
58408152612
58408153922
58408156402
58408186942
58408326482
58413456632
58413460022
58413466002
58413491472
58413512612
58414981722
58432678922
58432928552
58433505292
58434004472
58434488612
58434831672
58435757922
58435935182
58436035852
58436154932
58436514672
58438358162
58438464402
58438610362
58456567702
58456600782
58467240552
58467369192
58467372722
58467378732
58497825482
58498259832
58498378622
58518436642
58518513512
58518610942
58518641702
58518651662
58518666352
58518769002
58518788372
58518927812
58518971352
58519751642
58519833982
58526477872
58527548082
58527587782
58527616942
58527643322
58527643342
58527643362
58527644172
58655369582
58655500842
58657410382
58657430362
58657432332
58657436322
58757379652
58799700362
58803259092
58820145522
58820677792
58821410862
58844070632
58912587202
58912925782
58912966862
58912973342
58913019372
58919036442
58947070842
59014796762
59014828832
59014943042
59014971222
59020831102
59021443692
59021599652
59021606122
59270975192
59271101552
5945549582
59528302782
59528918072
59528965782
59553760272
59553762772
59553763622
59553764122
59553766022
59553766492
59554228522
59557460032
59557471772
59557472332
59557475412
59557479272
59557482682
59557493052
59557956492
59557957372
59557959312
59557961742
59557963022
59582934232
59582935122
59583798402
59587548112
59654849702
59654984052
59723385252
59965786782
59972761582
59977910302
59978256732
59978633382
59978737632
59978759832
59979758112
59980147802
60061623512
60128970052
60215220372
60215299292
60215337522
60215351932
60215365492
60283109942
60283149762
60325629672
60326100532
60337400862
60583894222
60584425822
60584622402
60682290402
60719555222
60719856152
60719940382
60720118322
60721720292
60721721532
60721916852
60722177732
60722607992
60723107592
60723232722
60723407512
60759613282
60760102152
60859475352
60859627082
60859784702
60859817582
60861391022
60861417272
60862680822
60870832062
60874539972
60880376452
60882831642
60883786582
60883972602
60884169022
61059313732
61098833062
61102960562
61118609102
61118754492
61125912732
61134914782
61135174042
61136289172
61142797632
61143642802
61143766422
61143890952
61143903792
61143904822
61143905242
61144028222
61144054272
61144055762
61144057312
61144065402
61144065842
61144289762
61144316672
61144355182
61145021202
61145494482
61145579312
61153528952
61294341152
61335801572
61346653712
61348734142
61349269482
61351266862
61351292122
61351305072
61366255822
61366285102
61370132942
61448192422
61448265172
61450535022
61450593172
61453614482
61476035092
61476463212
61476494882
61497328882
61497377132
61505697782
61505700292
61505721232
61505723312
61505726212
61505731022
61505731792
61505740262
61505762532
61505763692
61505763772
61505764232
61510113982
61510313702
61531179452
61563471222
61612083732
61728440462
61728492552
61728711392
61728739902
61731917842
61732782222
61733127552
61857018602
61869995942
61870602072
61901988302
61902055292
61902219342
61902343412
61902424362
61902443362
61902457892
61904260772
61904576712
61906318182
61906332312
61906345742
61906358172
61975899382
61983928612
61984069302
61984210982
61995674332
61995736842
61995767432
62007335522
62007414402
62007417072
62007438662
62007531442
62007535322
62007541022
62007853292
62007853332
62007853452
62007853562
62007853722
62007853772
62007853932
62008150672
62008198962
62008228792
62055673512
62058219252
62058666612
62084114674
62084238794
62098414364
62167059584
62192155644
62192288144
62242787584
62245089314
62454979784
62473777964
62499097494
62747344924
63407108144
63604444764
63633406974
63633445184
63633662594
63634048564
63634141814
63634176564
63634183604
63634213144
63634306734
63634363684
63634386164
63634422324
63634444324
63634465684
63634545784
63634566654
63634588994
63634607164
63634632054
63634653494
63634683504
63634711574
63634731744
63634751924
63710310654
63710337654
63771661094
63771661824
63771662094
63771662534
63771663714
63771673934
63797543754
63799873864
64025065104
64025069564
64025081094
64025096164
64148620504
64193082894
64193601424
64193633984
64193999474
64194053624
64194077684
64194126084
64194219844
64194352714
64194408254
64194440834
64230326094
64230351494
64355969304
64436491874
64436494064
64436496444
64436498934
64436503294
64439721224
64439733204
64439735614
64439760144
64439766994
64441675394
64441681944
64441693274
64441696454
64441715034
64441730294
64441737284
64441820734
64458956224
64460896274
64467658334
64486839024
64582668634
64607843614
64728031494
64728479914
64728501144
64728514814
64728546124
64728596164
64728691754
64728860424
64728954594
64729140664
64729195284
64729213214
64729249214
64773910044
64786842244
64862729584
65016062944
65016514164
65016518824
65210551374
65303936544
65303962844
65304124204
65324035594
65325249724
65325698034
65427291614
65427317784
65427324154
65449650314
65576352094
65576686974
65576808674
65576826904
65576840694
65576887954
65581845094
65581845804
65662826624
65663757534
65665460454
65665473614
65665500884
65665601414
65665639394
65665946794
65666433444
65666792054
65667012104
65667254454
65667478054
65667560974
65668267794
65670939664
65671090844
65731211154
65731213054
65817990764
65894253234
65943314114
65943369764
65943679954
66065771884
66154602614
66154980994
66164025424
66164030844
66332218154
66365158964
66429288864
66429497194
66429666234
66450610904
66450698574
66450779274
66450857254
66450916044
66451348074
66451448134
66452512894
66452679394
66456119974
66456238064
66457362534
66457493194
66457504484
66467267644
66470801094
66499215394
66499266004
66501338744
66501493584
66501509814
66501517794
66501537574
66501580504
66501777514
66501839574
66502047084
66502058384
66502245354
66504801014
66510179044
66540108354
66540193844
66540247184
66540365584
66540494354
66540837894
66541291724
66541385074
66541457824
66544516364
66544592404
66546125694
66546154944
66681208734
66707330104
66707716744
66707995164
66708189004
66708219554
66708352144
66730105984
66745020804
66745369364
66745419864
66745470394
66745512814
66745622194
66745896854
66746076094
66746127794
66746176464
66746214094
66746330854
66867692214
66868051764
66868297064
66868445294
66870118844
66894268604
66894427554
66894746184
66894993954
66895979674
66896384984
66896387464
66896392434
66896397124
66896500214
66896898634
66897206634
66897234914
66897279374
66897705554
66903354374
66906739894
66907133904
66907162634
66914377294
66918037304
66918341664
66919032084
66919039064
66919272014
66919277934
66927003824
66927106894
66927134804
66928828024
66930015714
66932109284
66932475344
66933980444
66934369964
66955381294
66955819394
66962173614
66965371024
66965847484
66966627204
66966642594
66974998164
66975051624
66978070914
66978494754
66978789674
66979031964
66979562994
66979567714
66979571774
66979925664
66979942704
66980179694
67000244474
67003059164
67007569924
67007574744
67007613024
67009513624
67017074784
67021720684
67021723544
67021789564
67021935684
67022067614
67022159324
67022267334
67022327324
67022343174
67025356594
67028783684
67031399434
67031475384
67047472754
67047525544
67151142604
67151286164
67151515874
67151673074
67151789634
67151900064
67151948524
67222871784
67222882604
67223066344
67223463544
67227464284
67227471814
67235783354
67237774064
67238385474
67366540684
67371238094
67566053234
67566301084
67569937934
67627704664
67628019084
67628257264
67628362084
67628399814
67628439544
67629011744
67629058324
67629088994
67629162974
67690849834
67741166734
67745614254
67760396684
67760431654
67760457304
67760546984
67760584004
67760734624
67789158664
67789441874
67789583554
67789790614
67789790834
67805275654
67828918354
67829518064
67864134194
67864483344
67864495324
67865726354
67869711234
67869724714
67870047804
67945649494
67945652624
67977609104
67977647394
67977662804
67991134714
67991171144
68041549824
68041706724
68042204784
68042745644
68042810264
68043196684
68113339004
68113554264
68116198814
68138463564
68172821464
68187889834
68188102034
68188880884
68190970464
68193775324
68197332184
68197946744
68198012924
68208740834
68219533724
68219538764
68219547364
68219559324
68224776594
68225007044
68225173794
68225266134
68225672684
68245679514
68259251114
68262187484
68303027184
68303030564
68303480884
68303486124
68303543344
68303550624
68303556824
68303617184
68303628724
68303633804
68303664204
68303669804
68331054074
68336100124
68368957944
68437725174
68437767664
68536725594
68583132344
68583152864
68583164174
68583175344
68583191514
68583195294
68583203604
68583205304
68583212884
68583216634
68583219444
68585325094
68585330954
68585337194
68585349294
68585355814
68585436484
68585442324
68585447414
68585452924
68585458134
68585463464
68587038244
68587040974
68587050044
68588155394
68588715964
68588740654
68616086384
68616149384
68616235214
68620123254
68620262104
68620524064
68630949884
68646705584
68670699804
68682535964
68682746414
68682794764
68683047284
68754729234
68754740034
68754770774
68757348454
68911093374
68911376434
68912364994
68912552314
68935605204
68935711194
68935865044
68936047904
68973240764
69040632264
69044133984
69044596884
69045229704
69097030274
69097146454
69097438964
69097484984
69097663274
69097737524
69097849344
69097928624
69097971434
69098091874
69098275624
69098275894
69098276654
69098278214
69098453824
69098509424
69098567624
69098724024
69098859414
69098963174
69099027934
69099286364
69099372824
69099553934
69099747074
69100018214
69100361384
69100652794
69101050004
69101210504
69101284664
69101345644
69101466054
69108572704
69136474504
69137629154
69219529054
69220052914
69236684924
69307569994
69346490444
69346617574
69601978234
69677246394
70273447484
70273529074
70273547694
70273607364
70273625224
70273651014
70324981744
70325023974
70325115304
70325530064
70325618784
70372136744
70372174064
70372357544
70372530664
70372635404
70372692834
70372871304
70758437794
70764296944
70764302414
70764317654
70764319914
70764322424
70764325574
70768311304
70768349564
70774598884
70774782934
70774958894
70775111164
70775247824
70775566184
70775772684
70783693294
70783853694
70783874604
70784023314
70784853544
70785071734
70786744634
7082999502
70832013804
70842718174
70842960064
70843029954
70843165364
70843174104
70843331714
70843342424
70843460884
70843646034
70844475334
71094670314
71094672454
71094674534
71094805364
71094812184
71094813774
71095339414
71095341664
71095343444
71095624514
71095627214
71095725244
71095926814
71095928304
71096107894
71096110944
71096121904
71096456294
71096468294
71096510064
71096513664
71096969314
71096971344
71097274174
71097279724
71097285134
71275384814
71275435204
71276052774
71276068114
71277831334
71278055114
71278915334
71278990044
71279393914
71298044684
71298707594
71298898284
71299204284
71301570964
71301890074
71302479194
71305017224
71305931764
71306024564
71307361974
71307730944
71307733154
71307735514
71307742134
71307747914
71308325494
71308332234
71308493414
71308495284
71308497774
71308801444
71308888364
71308889034
71308889644
71309103474
71309226824
71309230334
71309234224
71309237154
71309242064
71309688714
71309697024
71309705394
71309707594
71309709494
71310245404
71310386764
71310514534
71310656764
71310746724
71310804374
71310876114
71311186334
71311241164
71311303624
71311310214
71311446864
71311475104
71311518524
71311596544
71311694524
71311751924
71311789534
71311819744
71311929114
71312037834
71312100364
71312545574
71572364004
71780256994
71816897834
71818139594
71880181804
71904774604
72018228764
72279116214
72345626464
72345958504
72346369274
72346492474
72346599044
72507026514
72522824964
72554496424
72554961884
72605531514
72654075074
72771825634
72788782554
72842539684
72844657384
72847259564
72847535214
72849590714
72849617924
72849689654
72849948524
72849962024
72849999474
72850186834
72850201014
72850212844
72850230314
72850240054
72850249764
72850274934
72853958354
72854005604
72854008014
72854270634
72854311544
72854331544
72854339514
72854339564
72854339604
72854366474
72854439014
72854502764
72854963804
72855008984
72855018654
72855022044
72855041754
72855065744
73106393754
73106724734
73115682674
73128146644
73128161424
73128278674
73128318724
73128403774
73216411444
73231183654
73231255704
73231701804
73231857984
73259634224
73295968954
73343267024
73346123504
73346528324
73346535074
73346868314
73346875854
73346921634
73347048584
73347097614
73347180014
73347188014
73393445274
73396544694
73396589454
73396603364
73396634874
73396638954
73396643594
73396648254
73396662314
73396665184
73396668174
73396682214
73396688404
73396690394
73396702514
73396725304
73396731264
73396734584
73396751274
73396756054
73396759724
73396765254
73396771684
73396789564
73396795544
73396799564
73396803024
73396804894
73396809014
73396813834
73396824084
73398414444
73398421044
73398453604
73398461954
73398464784
73398466964
73398474194
73398510924
73398517584
73398540264
73398544344
73398547964
73398549624
73398551854
73398554954
73398557364
73398559414
73398562174
73398565194
73398566074
73398582584
73398583864
73398584454
73398585154
73398586944
73398588894
73398590014
73398590614
73398594974
73398600324
73398602184
73398603684
73398606844
73398627574
73398633644
73398649434
73398698444
73399156134
73399165254
73399205424
73399226294
73399245864
73399286874
73399307084
73399321334
73399346694
73399351284
73399355294
73399429724
73399432664
73399435344
73399438654
73399453424
73399480094
73399491474
73399498294
73399499664
73399528284
73399643904
73399647274
73399648804
73399654314
73399670254
73399684684
73399689234
73399691454
73399693064
73399717724
73399741834
73399782454
73399785264
73399786224
73399791304
73399792744
73399802194
73399828104
73399831544
73399841274
73399847924
73399848574
73399850984
73399854894
73399858674
73399859984
73399877354
73399917824
73399923574
73399931104
73399942744
73399949464
73399955194
73399957434
73399958784
73399974624
73399985874
73399997694
73400006184
73400010974
73400025674
73400027364
73400043574
73400045394
73400045974
73400047144
73400095034
73400166404
73400506584
73400508234
73400510514
73400513164
73400515044
73400515434
73400516194
73400518394
73400518624
73400525254
73400528154
73400528474
73400528824
73400536574
73400540574
73400549384
73400573914
73400576704
73400615914
73400616454
73400616874
73400618114
73400626724
73400639144
73400643274
73400647644
73400661424
73400665064
73401221554
73401537054
73401538954
73530086264
73530093534
73530093584
73530093644
73530093704
73530093754
73530093804
73530093874
73530184984
73530185094
73530185154
73530185324
73530185634
73530185714
73648465584
73648530314
73742711574
73742718474
73742720294
73742721854
73745481024
73745487994
73745543284
73745574884
73745581194
73745669534
73745685074
73745697274
73747551254
73747562354
73747568994
73749761984
73749763834
73749764934
73749765984
73749769684
73749773324
73749776284
73749779204
73749788074
73749798114
73749802224
73749806264
73749809514
73749810064
73749810334
73749810644
73749811954
73749812564
73749812664
73749812994
73749813324
73749814644
73749819574
73749821174
73749822724
73749823314
73749824554
73749826564
73749828224
73749834594
73749842544
73749852184
73749866434
73749866994
73750110404
73750288214
73750868764
73761583424
73761591584
73761685634
73761689374
73761691684
73761693354
73761703804
73761706014
73761716104
73761768404
73761867144
73761874784
73761875974
73761876454
73761877244
73761877514
73761878094
73761878394
73761879014
73761879854
73761880774
73761881654
73761883394
73761885374
73761887034
73761889414
73761898354
73761906744
73761920674
73761927354
73761927684
73761927774
73761931174
73761933814
73761934234
73761996034
73761996374
73761997554
73762025164
73762028764
73762031784
73762041774
73762055964
73762069244
73762069714
73762070064
73762073004
73762081494
73762082594
73762083134
73762084324
73762099404
73762100754
73762108764
73762110314
73762111094
73762220614
73762358354
73762358584
73762358814
73762363554
73762363874
73762364334
73762365274
73762367994
73762368454
73762371224
73762375364
73762384634
73762387514
73762387584
73762389054
73762389334
73763544694
73797970084
73797973324
73798007054
73798007944
73798032854
73798439024
73798450364
73798462884
73798464714
73798475834
73798566904
73798611564
73798616504
73798629344
73798635874
73798643614
73798658114
73798667424
73798674384
73798685694
73798747634
73798750164
73798771984
73798774774
73798775554
73809790024
73847868394
73983840594
73983851674
74022928504
74023025114
74023026554
74023027794
74023029334
74023035264
74023037014
74023038734
74023039344
74023041094
74023042204
74023043414
74092239404
74092257754
74092259004
74165850814
74167076464
74167420124
74168035314
74174650344
74174796234
74175154494
74175380494
74176794904
74176936854
74177492704
74177912934
74177968294
74291810524
74291814534
74336180864
74337616914
74337770984
74337828624
74338264574
74338468434
74338494674
74338503534
74343380684
74343653554
74343751504
74362064914
74418639424
74418647044
74418650554
74427996854
74427997034
74428096824
74428101854
74428300214
74428305124
74428309634
74428834954
74428940024
74429528444
74429601404
74429620164
74429849984
74429950244
74429972614
74430165054
74430705694
74430972614
74431130834
74450165304
74450893184
74451104474
74451135424
74451161714
74451229844
74451269634
74451423294
74454904334
74454907374
74482486914
74482646344
74482754384
74482966314
74482974344
74482981564
74482994044
74483112814
74486728854
74486728974
74486729064
74486729174
74486729364
74486729464
74486736254
74486736414
74486736544
74486736624
74486736784
74486736924
74486737024
74486742544
74486742714
74486742814
74486742924
74486743044
74486743084
74486743224
74486831894
74486871584
74486922454
74486941764
74486946614
74486959674
74486993864
74501643384
74501706994
74501741804
74501766994
74501788464
74501809834
74501827164
74501860254
74581614304
74586742784
74587288174
74587415554
74587435344
74587879154
74587970674
74593831164
74634088184
74634149634
74634163704
74647318524
74647398314
74653150984
74658846584
74658873594
74658906294
74660557374
74660870814
74663065774
74663668294
74688150714
74688179834
74688251264
74735822344
74736559514
74776658564
74776690064
74808326634
74808388164
74808413064
74808423044
74808430214
74808458204
74808481534
74878521574
74878891934
74878999544
74879634964
74880018744
74881719614
74882046594
74971501674
75139554714
75139558954
75158495484
75161003794
75204921974
75205467174
75274349884
75274517314
75274907504
75275049824
75316272934
75316278864
75316290684
75316295854
75316297874
75316302594
75316310914
75316315064
75316321714
75316338304
75385392404
75385400724
75385403264
75385403844
75385404844
75385406324
75385408434
75385410094
75496960984
75497270634
75522898264
75538526014
75538573674
75540376244
75640988854
75641170364
75641253564
75642299694
75642750354
75684578174
75684578404
75684579244
75822814644
75825700464
75833363344
75895209694
75895580244
75895618794
75895856244
75896055364
75896076504
75913017374
76026832624
76026833494
76075697844
76242998154
76265652724
76265998374
76266013804
76266016664
76266018694
76266022234
76266024264
76266028774
76336333514
76743085564
76743127314
76743234794
77095177904
77095233484
77095377594
77095405804
77095661484
77095663594
77095664524
77095666454
77095802384
77095802424
77096456994
77096551404
77096578624
77096579764
77097462004
77097816724
77097828364
77097837804
77097844454
77097859984
77114299134
77114305064
77114309034
77114314034
77114318304
77114447134
77114448864
77114449754
77114450854
77114451494
77114452324
77114534774
77114536684
77114537574
77114538104
77114538684
77114539194
77114540094
77266401684
77326526524
77326551284
77326594224
77412865864
77412925144
77436519874
77436993114
77437058624
77461413274
77461418704
77463353104
77463363484
77463387234
77464315844
77464638724
77464646464
77464700834
77464767054
77464809634
77464850014
77465068464
77465115534
77465146384
77465171714
77465215814
77465248024
77526356054
77526360294
77526697314
77526865144
77526865814
77536669494
77536669654
77536669744
77536669984
77564557584
77564572224
77566528804
77572741624
77572748284
77683883544
77844930814
77844987404
77845026814
77845099434
77845180824
77845224714
77845314064
77845357294
77927704964
77975382544
77975393744
77984731934
78080713054
78081065594
78081067664
78081068534
78081069324
78081801904
78113529604
78113866644
78118106994
78118108574
78118108814
78118114354
78510788644
78510800334
78510819504
78511577714
78511577754
78511583664
78511583764
78511587404
78511587464
78512003144
78512008584
78512008634
78512015274
78512015514
78513944404
78513944484
78513947654
78513947724
78513950684
78513950724
78579846324
78579851994
78579857864
78579857904
78579986914
78579994384
78580307864
78580307924
78580313154
78580316154
78580316194
78580463644
78580470254
78580475964
78581918564
78581955534
78581959864
78581961864
78581963544
78581964214
78581964734
78582048084
78582049604
78582053684
78582069854
78582070774
78582072174
78582072934
78582073624
78582074574
78582075424
78582076154
78582077404
78582078704
78582098684
78582218864
78582226224
78582228844
78582230114
78582232134
78582236714
78582239864
78582241804
78582243294
78582244394
78582245034
78582245554
78582248904
78582792364
78582822834
78582887914
78582887934
78582887954
78582887974
78582887994
78582888014
78582888044
78582907024
78582907104
78582907164
78582907184
78582907214
78582907234
78582908854
78582908874
78582908904
78582908954
78582908984
78582909004
78582909024
78588948504
78588950864
78589194294
78589244014
78589246354
78593137764
78593138084
78593138184
78593265944
78593266094
78593266194
78593266344
78593272444
78593273044
78593670694
78593736754
78593737074
78593737164
78593737284
78593737384
78593740474
78593740984
78593961484
78593961674
78593961784
78593962054
78593962254
78594041864
78594042084
78594046564
78594046614
78594046694
78594046744
78594046864
78594262924
78594263054
78594263304
78594308574
78594308654
78594308704
78594308834
78594308964
78594311574
78594311674
78594311784
78594311854
78594464414
78594464454
78594464524
78594464714
78594464744
78594464784
78594464814
78594464874
78594464934
78594501434
78594501634
78594501684
78594501724
78594501784
78594501854
78594502044
78594502154
78594502184
78594502244
78594502464
78594504324
78594504364
78594504424
78594504464
78594504534
78594504584
78594504614
78594504654
78594504714
78594504774
78594504844
79186824344
79187066214
79187256374
79187315274
79187367314
79188628364
79190335174
79190336094
79190339234
79190339454
79190340124
79191136094
79191136954
79191137264
79191137894
79192273384
79286337994
79336765974
79468232744
79468256774
79468318994
79468360314
79468391504
79468530484
79468549484
79468574274
79468589984
79921396484
79926327454
79926427864
79926553724
79926628424
79928316764
79930388534
79930503094
79930842994
79931011694
79931342964
79931588214
79932485544
79933087364
79933427574
79953134224
79954643934
79955066154
79956063774
79956276144
79959510114
79959646844
79960911284
79961229384
79961341794
79961781924
79962430134
79963221394
79963505484
79964350114
79967164334
79968305734
79976077164
79976783654
79976988704
79978189854
79978220534
79978342144
79978342174
79978704714
79978704914
79979033824
79979145114
79979392524
79981533294
79981533324
79982811794
79983999134
79984536134
79985449344
79986256234
79986650824
80123125654
80124586864
80127162434
80127225734
80127414694
80127473864
80127709504
80128167224
80128474464
80128670724
80128719034
80128757004
80128871864
80468380904
80598676434
80598679864
80598682834
80679937054
80680000024
80680051534
80680064394
80680079074
80680090124
80680133464
80680173134
80680244234
80680278764
80680343704
80680411164
80680547914
80682879304
80697291904
80697293574
80697296224
80712872764
80712941594
80712983264
81089790134
81183750484
81253062094
81330608944
81516380474
81516381264
81516383294
81516383924
81638263084
81638265014
81638269314
81638362374
81638372354
81638415794
81638426114
81638499454
81638526434
81638590874
81638649414
81638690574
81638737864
81638890514
81638893944
81638977534
81638981534
81638995544
81638997314
81639003874
81642829814
81642933664
81761184954
81822846914
81822848774
81822849014
81822849464
81822851184
81822851424
81822854234
81822866244
81830473344
81831295814
81834183004
81861815384
81862843984
81862967684
81864683054
81865883194
81866267804
81866755414
81867072044
81867693354
81870356424
81872123664
81874659974
81874767134
81874993944
81879933784
81880973724
81881296274
81906780224
81918372524
81918375364
81918376584
81918377244
81918377874
81918378694
81918379334
81918384534
81918385674
81918387324
81918388224
81918389554
81918389874
81918394784
81918399514
81918400674
81918416194
81918422374
81918425954
81918427014
81918429654
81918434164
81918442544
81918453444
81918456914
81918460314
81918461354
81918463234
81918463954
81918471564
81918475684
81918476244
81918477294
81918478184
81918486834
81918504204
81918513524
81918526044
81918541294
81918550844
81918554824
81918557734
81918567394
81918575004
81918581684
81918596944
81918608704
81918622084
81918667124
81918679274
81918680354
81918680774
81918681514
81918682674
81918683324
81918683744
81918684284
81918684874
81918685244
81918685584
81918686704
81918689894
81918692234
81918693194
81918694204
81918694434
81918694914
81918695284
81918696024
81918717494
81918720384
81918722274
81918722854
81918723234
81918724744
81918725064
81918725344
81918725694
81918728084
81918728834
81918732284
81918733194
81918735924
81918739394
81918740144
81918741104
81918741544
81918742324
81918745854
81918754024
81918756354
81918757144
81918757814
81918758764
81918760084
81918762494
81918763964
81918765894
81918767504
81918769154
81918770644
81918772924
81918774694
81918777214
81918779234
81918781804
81918796324
81918798704
81918799644
81918800254
81918800814
81918803714
81918847964
81918849444
81918859564
81918860824
81918862384
81918870674
81918878544
81918881044
81918884314
81918887934
81918901244
81918920404
81918922194
81918924374
81918926864
81918929214
81918931834
81918933994
81918955974
81918958454
81918960014
81918986424
81919053264
81919058514
81919063834
81919066834
81919068534
81919071334
81919073384
81919074544
81919075644
81919085064
81919087414
81919090104
81919093694
81919095724
81919097604
81919107354
81919116864
81919117744
81919119414
81919121004
81919122114
81919130394
81919162224
81919182304
81919186864
81919188374
81919198034
81919200734
81919201694
81919203344
81919215044
81919215944
81919231014
81919236454
81919240404
81919243594
81919245364
81919247544
81919249154
81919269544
81919269984
81919270614
81919862394
81919866924
81920265584
81920266454
81920266784
81920267064
81920267794
81920269564
81920270944
81920271744
81920272864
81920274174
81920275084
81920275764
81920276594
81920277554
81920279144
81920280674
81920283704
81920287214
81920289104
81920290164
81920292344
81920292994
81920295144
81920297284
81920297784
81920298954
81920300204
81920301174
81920301754
81928601424
81928602724
81928603894
81928605574
81928609174
81928612644
81928612854
81928613064
81928613274
81928613484
81980100174
81980135014
81980139084
81980141734
81980144934
81980151404
81980153874
81980158364
81980163194
81980172054
81980179164
81984424724
81984435884
81984438674
81984443264
82005309294
82005575724
82006320944
82019195264
82019404374
82019420724
82019569274
82019609104
82021174824
82022325334
82022339014
82022357354
82024338684
82024354214
82024367764
82024392274
82026157314
82027286404
82054866004
82154242984
82154342324
82154389324
82154973694
82155039384
82174829934
82174837114
82174837754
82174838314
82174838544
82320517054
82369332464
82369332994
82369336554
82369336964
82369342274
82369351424
82369357074
82369357634
82369362454
82369429454
82369441514
82369450054
82369460004
82369463594
82369474244
82369478374
82369488714
82369497324
82369518304
82369531014
82369538894
82369551004
82369571894
82369574854
82369785554
82369788504
82369800064
82369805694
82369810414
82369815254
82369819984
82369823234
82369831024
82369854284
82369856014
82369872984
82369890574
82369898384
82369908884
82376197844
82378475204
82431855874
82479195304
82479278814
82479485014
82497229454
82497322234
82497363014
82497598564
82497711784
82505226514
82505319154
82505535404
82505567194
82508659774
82508858734
82509238724
82510305324
82566928944
82575608124
82575640924
82575641744
82590503174
82652270244
82653260084
82653294444
82653319494
82692081814
82757265264
82825601204
82827739884
82828562724
82859525954
82859530014
82913596764
82913603514
82923051614
82923166034
82923207004
82923247954
82924674554
82924785484
82924864504
82924883554
82924927334
82925010334
82925035994
82925053394
82925061794
82925167134
82925203454
82925227344
82925318534
82925350264
82925460824
82925509874
82925518104
82925571974
82925594124
82925602444
82925611774
82926271334
82926273444
82929820044
82944983584
82946184074
82946940124
82947173564
83081891684
83081892244
83081892574
83081896114
83081912524
83081918244
83081918434
83082075154
83082075224
83082075284
83082075374
83082075434
83082075504
83082075584
83082075644
83082075704
83082075784
83082075834
83082075884
83082075944
83082076084
83082076154
83082076254
83082076394
83082076524
83082076664
83082076794
83082077014
83082093914
83082094774
83082095144
83082095204
83082095284
83082095344
83082095394
83082095474
83082095554
83082095634
83082095724
83082095854
83082096824
83082294184
83082310444
83082324454
83082328534
83082335454
83082345504
83128250974
83129138224
83133917034
83134099554
83134193054
83144687734
83145258714
83192724144
83192797034
83192820164
83192831324
83192845484
83192856154
83192893374
83196607274
83196636924
83196924354
83339309564
83339744104
83339825794
83340102004
83340380214
83340547034
83341663514
83392567984
83392583314
83392591904
83392603334
83392608844
83392618534
83392625014
83392628934
83392638124
83392675384
83392701574
83392734504
83392749454
83392766154
83392774824
83392782934
83392790044
83392800814
83392815774
83392832134
83392852574
83392874814
83392893134
83392907664
83392923434
83392940594
83392954534
83392964064
83392973334
83392978604
83392994844
83393181114
83393215834
83393222184
83393263434
83393287374
83393318064
83393322324
83393375354
83393427584
83393608344
83393611904
83393930954
83393955914
83393959314
83394001574
83394010364
83394138464
83394141824
83394144984
83394166574
83394170014
83394178144
83394260344
83394261484
83394297184
83394323164
83394336944
83394343414
83394358024
83394359684
83394410204
83394415064
83394491984
83394497134
83394504174
83394513934
83394525674
83394531684
83394538694
83394544644
83394563954
83412956784
83471244204
83504092694
83540189544
83540459664
83555144084
83694859324
83743241574
83751843154
83795874044
83795999124
84466057354
84466772294
84479170614
84497363454
84508191914
84512766944
84961592904
85058688234
85058688674
85058692374
85058692614
85058692864
85058693544
85058700224
85058700444
85058703804
85058704024
85058704574
85058705274
85058706174
85058706844
85058707594
85058707844
85079726874
85125501794
85234248684
85234531404
85364199184
85594392994
85636581604
85725635514
85777862734
85792123844
85792299374
85792304954
85792746894
85793114964
85793415924
85799236274
85799857104
85799859504
85805858404
85806326054
85966406954
86046286564
86046957094
86047205404
86049697134
86050120544
86065688934
86147295574
86147929054
86478790284
86661863154
86665151174
86722833664
86722836794
86722837774
86722841334
86722845884
8702623782
87327304154
87361426164
87461873704
87737327774
87738438094
88051376364
88051436004
88051439164
88051440314
88051442514
88051443364
88051445144
88051446774
88051448644
88051451714
88051453674
88051680674
88051696634
88051700534
88051701914
88051703204
88051705374
88051709444
88051725314
88051727974
88065022544
88129309984
88129310144
88230217614
88230354184
88230433484
88230575094
88230635684
88230697054
88230779044
88235694654
88235735844
88237504574
88237693214
88237760774
88237786424
88237889004
88238359234
88238788154
88239186584
88239763334
88240128184
88240309074
88240386114
88240422154
88242327004
88242448744
88242601444
88242720564
88242740544
88244283074
88244319454
88244337274
88244366344
88629967924
88877313014
89121179144
89121247714
89121339134
89122655114
89214051174
89409452844
89409490394
89409494154
89409606684
89409607334
89409607594
89411765294
89411932804
89411940314
89411941214
89411941884
89411947414
89411949044
89411950524
89411951334
89411952304
89411956134
89420446324
89425555244
89426902594
89426904644
89426905614
89426908514
89426910874
89426912814
89426914424
89426916294
89426919984
89426923164
89427488614
89430153904
89430166334
89430174614
89430177064
89895981544
90081500264
90154083654
90154136824
90158355494
90158396684
90158416764
90158474094
90158524354
90158548034
90158551194
90158575734
90158623014
90158633004
90158655644
90158662654
90164023344
90164038594
90164125314
90164170594
90164205004
90164234404
90165185844
90165581224
90165604404
90165605544
90165610354
90165676314
90165693184
90165696924
90165697684
90165698614
90165699344
90165701404
90165751644
90165752514
90165753024
90165754634
90166659744
90167145764
90167255444
90167867514
90167907424
90167918414
90167930734
90167939104
90167947604
90167951084
90167957274
90167962034
90167977854
90167985464
90168003594
90168009974
90168042534
90168054464
90168070394
90168085004
90168104894
90168693624
90168699584
90169909324
90169910304
90169990444
90170001784
90170078284
90170360104
90170688754
90170706784
90173162484
90173291964
90173293284
90173375534
90173460894
90173500984
90173587154
90173604984
90201450374
90201450424
90201450464
90201450504
90201450544
90201450594
90201450644
90201459644
90201459684
90201459724
90201459764
90201459804
90201459844
90201459884
90201544364
90201544414
90201544454
90201544494
90201544534
90201544574
90201544614
90329803824
90329815334
90329819684
90329873404
90329873584
90329873664
90358369404
90384632744
90673868054
90908529944
91198428104
91393963974
91414731814
91414744864
91414773794
91443844904
91853806444
91854000014
91854462934
91855162514
91855333074
91855658734
91856474034
91856975734
91857066404
91857362204
91857776914
91858109894
91858480844
91858647844
91858776794
91858862524
91859537354
91859816204
91866966684
91867558074
91868064044
91868109874
91868840244
91868937194
91869490544
91869583934
91869647424
91870646714
91870904664
91872234654
91873516974
91873545074
91873932084
91874353354
91874867124
91875151534
91876003314
91878361464
91878555694
91878759904
91878805434
91878927394
91879004634
91879129464
91879157184
91905084144
92160677764
92162255234
92184042784
92184482624
92215323354
92790102424
92790835764
92790843474
92836099214
92910758534
92910759684
92911045114
92911050954
92911060484
92911064364
92911069064
92911087064
92911170404
92911248674
92911253194
92911254724
92911256084
92911257454
92911258444
92911259484
92911260214
92911261554
92911262604
92911305234
92911310134
92911312884
92911315394
92911317334
92911319814
92911320264
92911352304
92911361084
92911367754
92987819894
92988240064
92988545594
92988587964
92993980614
92994583204
92995089054
93019115894
93019430144
93068128424
93068157974
93068170704
93068183614
93356000834
93364324194
93443029554
93443066204
93443120144
93466713264
93509593194
93512666604
93517219424
93519032974
93530734644
93531041194
93531535454
93532202224
93533118134
93551110214
93551280274
93595789794
93595800964
93595807024
93595821044
93595822414
93595827864
93595830444
93595927454
93687584954
93687637654
93687659514
93687677204
93687689764
93687704024
93687711554
93687718884
93687725634
93687730414
93687737134
93687744564
93687748204
93687757734
93687765174
93687772004
93687782314
93687789984
93687794434
93687801274
93687802364
93687805974
93687808004
93687812764
93687815464
93687817454
93687828914
93687831124
93687835434
93687841634
93687843464
93687848144
93687858174
93687870014
93687880654
93687892084
93687893874
93687894664
93687896494
93687897754
93687899224
93687900134
93687913494
93687921104
93687929704
93687942174
93687947114
93687950274
93687952964
93688018154
93688020544
93688021514
93688024324
93688028294
93688029174
93688030124
93688039354
93688043624
93688050944
93688055984
93688059134
93688061044
93688066334
93688068964
93688070434
93747976544
93800076354
93989259204
93989301724
94198056274
94198066784
94198072104
94198077914
94198078374
94198081784
94198085714
94198089744
94198090654
94198095384
94198096004
94198097084
94198098074
94198099874
94198101244
94198106184
94198110004
94198179324
94198181574
94198200404
94198205194
94198205484
94198205874
94198206164
94198206484
94198206854
94198207744
94198208334
94198210954
94198211414
94198212314
94198213594
94198224154
94198224574
94198225224
94198226264
94198227824
94198228174
94198228524
94198229074
94198234354
94198235324
94198239064
94198245214
94198252584
94198261774
94198262104
94198263274
94198263804
94198265354
94198265884
94198266184
94198266564
94198266854
94198267254
94198268074
94198269694
94198275294
94198279444
94198282954
94198285504
94198289194
94198293034
94198294764
94198296334
94198297844
94198301414
94198303084
94198311214
94198313424
94198315644
94198319874
94198321734
94198326014
94198328164
94198332244
94198336004
94198337814
94198340094
94198344264
94198353174
94198353544
94198353944
94198354444
94198355244
94198356184
94198356874
94198357224
94198357734
94198358054
94198358524
94198359074
94198360114
94198361354
94198361904
94198367234
94198369884
94198376034
94198379574
94198387004
94198389304
94198396504
94198403164
94198404974
94198408044
94198411704
94198414414
94198416474
94198423094
94198427224
94198427604
94198427924
94198428314
94198428854
94198429344
94198433024
94198433554
94198434044
94198435004
94198435834
94198436834
94198437734
94198438064
94198438404
94198438814
94198440684
94198441874
94198444184
94198444634
94198445974
94198446534
94198447714
94198448864
94198453384
94198455084
94198508334
94198509664
94198510754
94198512374
94198513754
94198518744
94198520214
94198523074
94198530034
94198536914
94198539224
94198554444
94198555124
94198559474
94198559794
94198565514
94198567844
94198572784
94198579074
94198581494
94198631004
94198633534
94198635744
94198637924
94198642694
94198646994
94198650454
94198654484
94198655324
94198656424
94198657754
94198658844
94198660644
94198661984
94198662724
94198663474
94198666214
94198678724
94198680674
94198682644
94198684054
94198685034
94198686144
94198688944
94198690344
94198692144
94198692834
94198693584
94198694384
94198694964
94198696474
94198728434
94198748734
94198754514
94198757054
94198768924
94198787884
94198794684
94198835024
94198840444
94198843194
94198844494
94198847354
94198849784
94198850974
94198852504
94198854934
94198855234
94198856754
94198858444
94198858764
94198859454
94198860154
94198865644
94198866304
94198866974
94198867584
94198868164
94198868904
94198869874
94198870294
94198870884
94198874224
94198875134
94198877444
94198893904
94198894364
94198894684
94198895134
94198895964
94198898214
94198900764
94198902494
94198903384
94198906044
94198908484
94198922714
94198923544
94198924004
94198924814
94198927414
94198930204
94198930494
94527618964
94527784364
94527851054
94611668544
94611693474
94611718964
94611729744
94611784054
94611858904
94611883234
94611894564
94611934234
94611957424
94611981634
94612010074
94612027374
94612045414
94612123004
94612134504
94612149964
94612163884
94612218464
94612309434
94654715894
94659914134
94694142164
94707108034
94709493714
94710396054
94712193694
94717138174
94868223324
95008701904
95009147564
95009165814
95009573324
95009722184
95009781354
95009843954
95362227314
95362287214
95362359684
95362475744
95362926354
95362984114
95363088974
95363104624
95363159484
95363311014
95367438064
95460480324
95460492374
95460507524
95460522724
95635216004
95635254594
95635260894
95635266174
95635267634
95635270614
95635272114
95635285024
95635286084
95635302534
95635304014
95635305934
95635307384
95635308544
95635311304
95635313334
95635315434
95635327334
95635332444
95635337704
95635345654
95726788034
95726796334
95726805654
95726806634
95726810454
95726812214
95726823574
95726826224
95726831054
95726839364
95726852844
95726862314
95726894394
95726899804
95726906484
95726910194
95726912284
95726928164
95726929894
95726931794
95726941974
95726949814
95726954124
95726961294
95726980584
95869093194
95869537774
95869875714
95869979604
95870292654
95870332344
95877686004
95883343634
95905607484
95921383514
95949536324
96003657884
96005150934
96005851784
96005858834
96006522144
96006546714
96006586594
96007086054
96007096264
96007536544
96007555374
96008069764
96008503814
96009092174
96018795114
96075302964
96078391074
96080412244
96080418404
96080420324
96084545964
96090210764
96092416234
96111487724
96137525724
96192710504
96194012744
96194052334
96202552464
96206785604
96206978524
96207355004
96208401964
96292338164
96327850444
96337912844
96338666204
96339108524
96415046014
96415395084
96415406594
96415992404
96511608124
96512511844
96514774144
96515734504
96516306124
96534470304
96535156454
96536733594
96536746364
96536752094
96538182974
96538206704
96538220874
96551559064
96552996794
96555423464
96631396654
96660105014
96660725794
96661734064
96815736364
96817008914
96821745554
96822169624
96992552374
97084297774
97113094834
97113782084
97114199264
97174968374
97174981764
97174985574
97174998604
97175002774
97226877494
97226877834
97321695394
97321744424
97321789624
97321800364
97321809244
97321817144
97321855054
97321882994
97604330504
97772516404
97848689144
97868812764
97868816684
98016436034
98127296354
98135737404
98137103584
98137153894
98137606594
98217809864
98224615194
98224627094
98224644134
98236671674
98318168744
98318525364
98439630834
98440885464
98441714504
98464829094
98465067404
98524337984
98629157364
98629908814
98630522674
99125639684
99125652374
99125701764
99126767794
99278707484
99410197004
99415578804
99415579104
99415579334
99415579764
99415580024
99415581374
99459433784
99459475884
99814292774
99814587304
